[0]サンプル
[1]マヨーネ様のご褒美
[2]刺客
[3]大魔宮への誘い
[4]ペルソナ２総合
[5]ペルソナ
[6]魔性の歌姫
[7]噂が事実となる街
[8]マヨーネ様からの依頼
[9]Tartarus踏破指令
[10]猿田神社(予約)
[11]シュバルツバース調査
[12]深い霧のスタジオ
[13]シュバルツバース調査2
[14]
[15]10/24予約
[16]群青色の招待状
[17]
[18]
[19]
[20]御影町にて １
[21]御影町にて ２
[22]聖エルミン学園1
[23]聖エルミン学園2(予約)
[24]プラズマウォール消失
[25]
[26]
[27]
[28]
[29]
[30]神野の娘
[31]妻の救出
[32]アイドルの末路
[33]
[34]
[35]
[36]
[37]
[38]
[39]
[40]
[41]
[42]
[43]
[44]
[45]
[46]
[47]
[48]
[49]
[50]
[51]
[52]
[53]
[54]
[55]
[56]
[57]
[58]
[59]
[60]
[61]
[62]
[63]
[64]
[65]
[66]
[67]
[68]
[69]
[70]
[71]
[72]
[73]
[74]
[75]
[76]
[77]
[78]
[79]
[80]
[81]
[82]
[83]
[84]
[85]
[86]
[87]
[88]
[89]
[90]大魔宮関連のイベント群
[91]
[92]
[93]
[94]
[95]
[96]
[97]
[98]
[99]
