[0]
[1]
[2]軽子坂高校体育館(1)
[3]軽子坂高校体育館(2)
[4]ペルソナ２総合
[5]教授宅の調査依頼
[6]不死の者
[7]灼熱の花
[8]
[9]
[10]百合の花共同募金
[11]民俗学者の捜索
[12]デビルチルドレン捕獲依頼
[13]姫巫女救出依頼
[14]阿修羅のごとく
[15]救出依頼1
[16]救出依頼2
[17]聖城高校調査
[18]サバト妨害
[19]エコービル
[20]天海バイパスの幽霊討伐依頼
[21]第四勧銀
[22]裏切り者の粛清
[23]Tartarus、研究材料蒐集
[24]好事家の依頼
[25]依頼：悪魔憑き
[26]依頼：ストーカー
[27]聖華学園調査
[28]
[29]
[30]デビサバ2
[31]3/15予約
[32]
[33]
[34]
[35]
[36]
[37]
[38]
[39]
[40]
[41]
[42]
[43]
[44]
[45]
[46]
[47]
[48]
[49]
[50]
[51]
[52]
[53]
[54]
[55]
[56]
[57]
[58]
[59]
[60]
[61]
[62]
[63]
[64]
[65]
[66]
[67]
[68]
[69]
[70]
[71]
[72]
[73]
[74]
[75]
[76]
[77]
[78]
[79]
[80]
[81]
[82]
[83]
[84]
[85]
[86]
[87]
[88]
[89]
[90]
[91]
[92]
[93]
[94]
[95]
[96]
[97]
[98]
[99]


